1762094260748 -0.275 0
1762094260763 -0.275 0
1762094260771 -0.275 0
1762094260778 -0.275 0
1762094260787 -0.275 0
1762094260798 -0.275 0
1762094260807 -0.275 0
1762094260818 -0.275 0
1762094260826 -0.275 0
1762094260836 -0.275 0
1762094260846 -0.275 0
1762094260854 -0.275 0
1762094260861 -0.275 0
1762094260868 -0.275 0
1762094260877 -0.275 0
1762094260886 -0.275 0
1762094260892 -0.275 0
1762094260900 -0.275 0
1762094260906 -0.275 0
1762094260916 -0.275 0
1762094268275 -0.275 1
1762094268281 -0.275 1
1762094268288 -0.275 1
1762094268297 -0.275 1
1762094268305 -0.275 1
1762094268314 -0.275 1
1762094268324 -0.275 1
1762094268330 -0.275 1
1762094268339 -0.275 1
1762094268345 -0.275 1
1762094268352 -0.275 1
1762094268376 -0.275 1
1762094268386 -0.275 1
1762094268392 -0.275 1
1762094268400 -0.275 1
1762094268406 -0.275 1
1762094268413 -0.275 1
1762094268422 -0.275 1
1762094268430 -0.275 1
1762094268439 -0.275 1
1762094272253 -0.275 2
1762094272259 -0.275 2
1762094272267 -0.275 2
1762094272275 -0.275 2
1762094272283 -0.275 2
1762094272292 -0.275 2
1762094272303 -0.275 2
1762094272316 -0.275 2
1762094272327 -0.275 2
1762094272336 -0.275 2
1762094272344 -0.275 2
1762094272353 -0.275 2
1762094272360 -0.275 2
1762094272370 -0.275 2
1762094272377 -0.275 2
1762094272384 -0.275 2
1762094272391 -0.275 2
1762094272398 -0.275 2
1762094272406 -0.275 2
1762094272413 -0.275 2
1762094276186 -0.275 3
1762094276192 -0.275 3
1762094276200 -0.275 3
1762094276207 -0.275 3
1762094276215 -0.275 3
1762094276222 -0.275 3
1762094276230 -0.275 3
1762094276237 -0.275 3
1762094276244 -0.275 3
1762094276252 -0.275 3
1762094276259 -0.275 3
1762094276268 -0.275 3
1762094276274 -0.275 3
1762094276284 -0.275 3
1762094276290 -0.275 3
1762094276299 -0.275 3
1762094276306 -0.275 3
1762094276314 -0.275 3
1762094276321 -0.275 3
1762094276330 -0.275 3
1762094280407 -0.275 4
1762094280414 -0.275 4
1762094280420 -0.275 4
1762094280427 -0.275 4
1762094280436 -0.275 4
1762094280447 -0.275 4
1762094280456 -0.275 4
1762094280463 -0.275 4
1762094280471 -0.275 4
1762094280483 -0.275 4
1762094280491 -0.275 4
1762094280499 -0.275 4
1762094280505 -0.275 4
1762094280514 -0.275 4
1762094280521 -0.275 4
1762094280528 -0.275 4
1762094280538 -0.275 4
1762094280544 -0.275 4
1762094280551 -0.275 4
1762094280557 -0.275 4
